
Test Sensitivity:
accuracy: 0.7553
precision: 0.5452
recall: 0.7509
f1_score: 0.6317
pearson_corrcoef: 0.560363
spearman_corrcoef: 0.744993

