
Test Sensitivity:
accuracy: 0.8491
precision: 0.6997
recall: 0.8062
f1_score: 0.7492
pearson_corrcoef: 0.618428
spearman_corrcoef: 0.855346

