
Test Sensitivity:
accuracy: 0.7263
precision: 0.5078
recall: 0.6782
f1_score: 0.5807
pearson_corrcoef: 0.693251
spearman_corrcoef: 0.649031

