
Test Sensitivity:
accuracy: 0.7505
precision: 0.5387
recall: 0.7474
f1_score: 0.6261
pearson_corrcoef: 0.827589
spearman_corrcoef: 0.779982

