
Test Sensitivity:
accuracy: 0.6579
precision: 0.4444
recall: 0.3333
f1_score: 0.3810
pearson_corrcoef: 0.763959
spearman_corrcoef: 0.625608

